
#Subprocess 1 ( Z -> e, e, E, E )
#Session_number 4
#Initial_state  inP1=4.000000E+03  inP2=4.000000E+03
 Polarizations= { 0.000000E+00  0.000000E+00 }
  StrFun1="OFF"
  StrFun2="OFF"

#Physical_Parameters 
        EE = 3.134300000000000E-01
    alfSMZ = 1.184000000000000E-01
         Q = 1.000000000000000E+02
       s12 = 2.210000000000000E-01
       s23 = 4.100000000000000E-02
       s13 = 3.500000000000000E-03
        Mm = 1.057000000000000E-01
        Ml = 1.777000000000000E+00
      McMc = 1.200000000000000E+00
      MbMb = 4.250000000000000E+00
       Mtp = 1.725000000000000E+02
        MZ = 9.118800000000000E+01
        MW = 8.038500000000001E+01
        Mh = 1.250000000000000E+02
        wt = 1.590000000000000E+00
        wZ = 2.494440000000000E+00
        wW = 2.088950000000000E+00
----

#Breit-Wigner BW range    2.700000
t-channel widths 0
GI trick in s-  0
GI trick in t-  0
#VVdecays  1

#alphaQCD alphaPDF=1 alpha(MZ)=1.184000E-01 NF=5 Order=2 MbMb=4.200000E+00 Mtp=1.730000E+02
#QCDscales 
 Renormalization 2*M1
 Factorization1 Qren
 Factorization2 Qpdf1
 Showering Qren

#Composites 
*** Table ***
 Composites  
  Name  |> Comma separated list of particles                           <|
p*      |G,d,D,u,U,s,S,c,C,b,B                                          |
lp      |e,m                                                            |
Lp      |E,M                                                            |
=========================================================================

#Cuts 
*** Table ***
 Cuts  
!|  Parameter  |> Min bound <|> Max bound <|
%|T(p*)        | 50          |             |
%|J(p*,p*)     | 0.5         |             |
 |M(lp,Lp)     |4            |             |
============================================

#END
   1     3.2450E-06   3.67E-01    93312 
   2     3.2495E-06   3.74E-01    93312 
   3     3.2607E-06   3.80E-01    93312 
   4     3.2718E-06   3.77E-01    93312 
   5     3.2600E-06   3.80E-01    93312 
   6     3.2414E-06   3.81E-01    93312 
   7     3.2533E-06   3.78E-01    93312 
   8     3.2632E-06   3.66E-01    93312 
   9     3.2617E-06   3.77E-01    93312 
  10     3.2570E-06   3.85E-01    93312 
 < >     3.2564E-06   1.19E-01   933120         0.6    
   1     3.2840E-06   3.74E-01   998816 
   2     3.2518E-06   1.24E-01   998816 
   3     3.2520E-06   1.03E-01   998816 
   4     3.2526E-06   1.00E-01   998816 
   5     3.2530E-06   9.86E-02   998816 
   6     3.2509E-06   9.88E-02   998816 
   7     3.2507E-06   9.82E-02   998816 
   8     3.2562E-06   9.88E-02   998816 
   9     3.2541E-06   9.85E-02   998816 
  10     3.2537E-06   9.87E-02   998816 
 < >     3.2559E-06   4.86E-02  9988160         4      
   1     3.2486E-06   3.45E-01   998816 
   2     3.2560E-06   1.24E-01   998816 
   3     3.2448E-06   1.04E-01   998816 
   4     3.2534E-06   9.94E-02   998816 
   5     3.2529E-06   9.91E-02   998816 
   6     3.2483E-06   9.88E-02   998816 
   7     3.2609E-06   9.89E-02   998816 
   8     3.2458E-06   9.81E-02   998816 
   9     3.2496E-06   9.89E-02   998816 
  10     3.2529E-06   9.84E-02   998816 
 < >     3.2513E-06   4.62E-02  9988160         1      
   1     3.2609E-06   3.47E-01   998816 
   2     3.2496E-06   1.22E-01   998816 
   3     3.2552E-06   1.03E-01   998816 
   4     3.2570E-06   9.91E-02   998816 
   5     3.2528E-06   9.84E-02   998816 
   6     3.2533E-06   9.88E-02   998816 
   7     3.2531E-06   9.88E-02   998816 
   8     3.2485E-06   9.79E-02   998816 
   9     3.2512E-06   9.86E-02   998816 
  10     3.2557E-06   9.85E-02   998816 
  11     3.2474E-06   9.82E-02   998816 
  12     3.2490E-06   9.90E-02   998816 
  13     3.2507E-06   9.84E-02   998816 
  14     3.2558E-06   9.86E-02   998816 
  15     3.2557E-06   9.81E-02   998816 
  16     3.2517E-06   9.90E-02   998816 
  17     3.2502E-06   9.86E-02   998816 
  18     3.2517E-06   9.88E-02   998816 
  19     3.2510E-06   9.89E-02   998816 
  20     3.2501E-06   9.86E-02   998816 
  21     3.2573E-06   9.90E-02   998816 
  22     3.2521E-06   9.86E-02   998816 
  23     3.2517E-06   9.79E-02   998816 
  24     3.2513E-06   9.81E-02   998816 
  25     3.2499E-06   9.93E-02   998816 
  26     3.2539E-06   9.87E-02   998816 
  27     3.2536E-06   9.87E-02   998816 
  28     3.2490E-06   9.81E-02   998816 
  29     3.2519E-06   9.89E-02   998816 
  30     3.2501E-06   9.87E-02   998816 
  31     3.2502E-06   9.88E-02   998816 
  32     3.2551E-06   9.92E-02   998816 
  33     3.2517E-06   9.85E-02   998816 
  34     3.2463E-06   9.89E-02   998816 
  35     3.2497E-06   9.87E-02   998816 
  36     3.2541E-06   9.87E-02   998816 
  37     3.2519E-06   9.91E-02   998816 
  38     3.2494E-06   9.84E-02   998816 
  39     3.2515E-06   9.83E-02   998816 
  40     3.2490E-06   9.83E-02   998816 
  41     3.2485E-06   9.92E-02   998816 
  42     3.2507E-06   9.89E-02   998816 
  43     3.2552E-06   9.91E-02   998816 
  44     3.2492E-06   9.86E-02   998816 
  45     3.2526E-06   9.80E-02   998816 
  46     3.2447E-06   9.92E-02   998816 
  47     3.2521E-06   9.82E-02   998816 
  48     3.2537E-06   9.80E-02   998816 
  49     3.2570E-06   9.86E-02   998816 
  50     3.2517E-06   9.87E-02   998816 
  51     3.2523E-06   9.74E-02   998816 
  52     3.2537E-06   9.85E-02   998816 
  53     3.2489E-06   9.87E-02   998816 
  54     3.2500E-06   9.88E-02   998816 
  55     3.2535E-06   9.82E-02   998816 
  56     3.2572E-06   9.91E-02   998816 
  57     3.2495E-06   9.84E-02   998816 
  58     3.2480E-06   9.83E-02   998816 
  59     3.2486E-06   9.86E-02   998816 
  60     3.2478E-06   9.85E-02   998816 
  61     3.2517E-06   9.94E-02   998816 
  62     3.2527E-06   9.93E-02   998816 
  63     3.2529E-06   9.89E-02   998816 
  64     3.2561E-06   9.86E-02   998816 
  65     3.2509E-06   9.90E-02   998816 
  66     3.2497E-06   9.90E-02   998816 
  67     3.2537E-06   9.95E-02   998816 
  68     3.2532E-06   9.80E-02   998816 
  69     3.2440E-06   9.85E-02   998816 
  70     3.2483E-06   9.92E-02   998816 
  71     3.2519E-06   9.87E-02   998816 
  72     3.2530E-06   9.90E-02   998816 
  73     3.2529E-06   9.88E-02   998816 
  74     3.2491E-06   9.88E-02   998816 
  75     3.2462E-06   9.91E-02   998816 
  76     3.2554E-06   9.78E-02   998816 
  77     3.2477E-06   9.83E-02   998816 
  78     3.2463E-06   9.85E-02   998816 
  79     3.2469E-06   9.88E-02   998816 
  80     3.2496E-06   9.89E-02   998816 
  81     3.2537E-06   9.85E-02   998816 
  82     3.2506E-06   9.88E-02   998816 
  83     3.2472E-06   9.84E-02   998816 
  84     3.2469E-06   9.86E-02   998816 
  85     3.2460E-06   9.84E-02   998816 
  86     3.2467E-06   9.89E-02   998816 
  87     3.2539E-06   9.78E-02   998816 
  88     3.2502E-06   9.89E-02   998816 
  89     3.2482E-06   9.87E-02   998816 
  90     3.2538E-06   9.81E-02   998816 
  91     3.2523E-06   9.85E-02   998816 
  92     3.2561E-06   9.82E-02   998816 
  93     3.2529E-06   9.81E-02   998816 
  94     3.2615E-06   9.85E-02   998816 
  95     3.2522E-06   9.82E-02   998816 
  96     3.2508E-06   9.85E-02   998816 
  97     3.2514E-06   9.80E-02   998816 
  98     3.2568E-06   9.96E-02   998816 
  99     3.2481E-06   9.78E-02   998816 
 100     3.2522E-06   9.87E-02   998816 
 < >     3.2515E-06   1.04E-02 99881600         0.9    
