
#Subprocess 1 ( Z -> e, e, E, E )
#Session_number 1
#Initial_state  inP1=4.000000E+03  inP2=4.000000E+03
 Polarizations= { 0.000000E+00  0.000000E+00 }
  StrFun1="OFF"
  StrFun2="OFF"

#Physical_Parameters 
        EE = 3.134300000000000E-01
    alfSMZ = 1.184000000000000E-01
         Q = 1.000000000000000E+02
       s12 = 2.210000000000000E-01
       s23 = 4.100000000000000E-02
       s13 = 3.500000000000000E-03
        Mm = 1.057000000000000E-01
        Ml = 1.777000000000000E+00
      McMc = 1.200000000000000E+00
      MbMb = 4.250000000000000E+00
       Mtp = 1.725000000000000E+02
        MZ = 9.118800000000000E+01
        MW = 8.038500000000001E+01
        Mh = 1.250000000000000E+02
        wt = 1.590000000000000E+00
        wZ = 2.494440000000000E+00
        wW = 2.088950000000000E+00
----

#Breit-Wigner BW range    2.700000
t-channel widths 0
GI trick in s-  0
GI trick in t-  0
#VVdecays  1

#alphaQCD alphaPDF=1 alpha(MZ)=1.184000E-01 NF=5 Order=2 MbMb=4.200000E+00 Mtp=1.730000E+02
#QCDscales 
 Renormalization M1
 Factorization1 Qren
 Factorization2 Qpdf1
 Showering Qren

#Composites 
*** Table ***
 Composites  
  Name  |> Comma separated list of particles                           <|
p*      |G,d,D,u,U,s,S,c,C,b,B                                          |
lp      |e,m                                                            |
Lp      |E,M                                                            |
=========================================================================

#Cuts 
*** Table ***
 Cuts  
!|  Parameter  |> Min bound <|> Max bound <|
%|T(p*)        | 50          |             |
%|J(p*,p*)     | 0.5         |             |
 |M(lp,Lp)     |4            |             |
============================================

#END
   1     3.2635E-06   3.55E-01   998816 
   2     3.2613E-06   1.23E-01   998816 
   3     3.2662E-06   1.03E-01   998816 
   4     3.2635E-06   9.95E-02   998816 
   5     3.2595E-06   9.90E-02   998816 
   6     3.2610E-06   9.88E-02   998816 
   7     3.2571E-06   9.85E-02   998816 
   8     3.2619E-06   9.89E-02   998816 
   9     3.2643E-06   9.84E-02   998816 
  10     3.2678E-06   9.85E-02   998816 
  11     3.2576E-06   9.80E-02   998816 
  12     3.2591E-06   9.88E-02   998816 
  13     3.2580E-06   9.76E-02   998816 
  14     3.2559E-06   9.88E-02   998816 
  15     3.2588E-06   9.90E-02   998816 
  16     3.2586E-06   9.78E-02   998816 
  17     3.2604E-06   9.85E-02   998816 
  18     3.2613E-06   9.83E-02   998816 
  19     3.2635E-06   9.87E-02   998816 
  20     3.2658E-06   9.85E-02   998816 
  21     3.2566E-06   9.85E-02   998816 
  22     3.2575E-06   9.86E-02   998816 
  23     3.2655E-06   9.81E-02   998816 
  24     3.2555E-06   9.79E-02   998816 
  25     3.2592E-06   9.86E-02   998816 
  26     3.2630E-06   9.88E-02   998816 
  27     3.2607E-06   9.81E-02   998816 
  28     3.2622E-06   9.83E-02   998816 
  29     3.2631E-06   9.89E-02   998816 
  30     3.2688E-06   9.80E-02   998816 
  31     3.2582E-06   9.80E-02   998816 
  32     3.2595E-06   9.81E-02   998816 
  33     3.2542E-06   9.81E-02   998816 
  34     3.2616E-06   9.85E-02   998816 
  35     3.2622E-06   9.88E-02   998816 
  36     3.2583E-06   9.83E-02   998816 
  37     3.2629E-06   9.92E-02   998816 
  38     3.2602E-06   9.82E-02   998816 
  39     3.2600E-06   9.90E-02   998816 
  40     3.2601E-06   9.85E-02   998816 
  41     3.2631E-06   9.88E-02   998816 
  42     3.2620E-06   9.86E-02   998816 
  43     3.2567E-06   9.99E-02   998816 
  44     3.2608E-06   9.83E-02   998816 
  45     3.2632E-06   9.89E-02   998816 
  46     3.2608E-06   9.85E-02   998816 
  47     3.2578E-06   9.82E-02   998816 
  48     3.2602E-06   9.87E-02   998816 
  49     3.2597E-06   9.84E-02   998816 
  50     3.2561E-06   9.84E-02   998816 
  51     3.2582E-06   9.82E-02   998816 
  52     3.2582E-06   9.92E-02   998816 
  53     3.2611E-06   9.89E-02   998816 
  54     3.2619E-06   9.82E-02   998816 
  55     3.2579E-06   9.85E-02   998816 
  56     3.2547E-06   9.82E-02   998816 
  57     3.2584E-06   9.83E-02   998816 
  58     3.2559E-06   9.85E-02   998816 
  59     3.2612E-06   9.86E-02   998816 
  60     3.2546E-06   9.94E-02   998816 
  61     3.2570E-06   9.84E-02   998816 
  62     3.2591E-06   9.81E-02   998816 
  63     3.2562E-06   9.88E-02   998816 
  64     3.2598E-06   9.86E-02   998816 
  65     3.2583E-06   9.88E-02   998816 
  66     3.2643E-06   9.81E-02   998816 
  67     3.2588E-06   9.83E-02   998816 
  68     3.2622E-06   9.90E-02   998816 
  69     3.2575E-06   9.81E-02   998816 
  70     3.2585E-06   9.84E-02   998816 
  71     3.2599E-06   9.91E-02   998816 
  72     3.2642E-06   9.83E-02   998816 
  73     3.2616E-06   9.86E-02   998816 
  74     3.2596E-06   9.79E-02   998816 
  75     3.2611E-06   9.88E-02   998816 
  76     3.2589E-06   9.86E-02   998816 
  77     3.2602E-06   9.84E-02   998816 
  78     3.2590E-06   9.80E-02   998816 
  79     3.2610E-06   9.91E-02   998816 
  80     3.2647E-06   9.82E-02   998816 
  81     3.2626E-06   9.80E-02   998816 
  82     3.2527E-06   9.86E-02   998816 
  83     3.2591E-06   9.83E-02   998816 
  84     3.2582E-06   9.84E-02   998816 
  85     3.2668E-06   9.92E-02   998816 
  86     3.2600E-06   9.83E-02   998816 
  87     3.2621E-06   9.84E-02   998816 
  88     3.2636E-06   9.87E-02   998816 
  89     3.2581E-06   9.78E-02   998816 
  90     3.2621E-06   9.88E-02   998816 
  91     3.2613E-06   9.88E-02   998816 
  92     3.2563E-06   9.89E-02   998816 
  93     3.2565E-06   9.85E-02   998816 
  94     3.2615E-06   9.79E-02   998816 
  95     3.2649E-06   9.87E-02   998816 
  96     3.2613E-06   9.95E-02   998816 
  97     3.2610E-06   9.89E-02   998816 
  98     3.2570E-06   9.81E-02   998816 
  99     3.2537E-06   9.86E-02   998816 
 100     3.2650E-06   9.85E-02   998816 
 < >     3.2602E-06   1.05E-02 99881600         0.8    
