
#Subprocess 2 ( Z -> e, E, m, M )
#Session_number 2
#Initial_state  inP1=4.000000E+03  inP2=4.000000E+03
 Polarizations= { 0.000000E+00  0.000000E+00 }
  StrFun1="OFF"
  StrFun2="OFF"

#Physical_Parameters 
        EE = 3.134300000000000E-01
    alfSMZ = 1.184000000000000E-01
         Q = 1.000000000000000E+02
       s12 = 2.210000000000000E-01
       s23 = 4.100000000000000E-02
       s13 = 3.500000000000000E-03
        Mm = 1.057000000000000E-01
        Ml = 1.777000000000000E+00
      McMc = 1.200000000000000E+00
      MbMb = 4.250000000000000E+00
       Mtp = 1.725000000000000E+02
        MZ = 9.118800000000000E+01
        MW = 8.038500000000001E+01
        Mh = 1.250000000000000E+02
        wt = 1.590000000000000E+00
        wZ = 2.494440000000000E+00
        wW = 2.088950000000000E+00
----

#Breit-Wigner BW range    2.700000
t-channel widths 0
GI trick in s-  0
GI trick in t-  0
#VVdecays  1

#alphaQCD alphaPDF=1 alpha(MZ)=1.184000E-01 NF=5 Order=2 MbMb=4.200000E+00 Mtp=1.730000E+02
#QCDscales 
 Renormalization M1
 Factorization1 Qren
 Factorization2 Qpdf1
 Showering Qren

#Composites 
*** Table ***
 Composites  
  Name  |> Comma separated list of particles                           <|
p*      |G,d,D,u,U,s,S,c,C,b,B                                          |
lp      |e,m                                                            |
Lp      |E,M                                                            |
=========================================================================

#Cuts 
*** Table ***
 Cuts  
!|  Parameter  |> Min bound <|> Max bound <|
%|T(p*)        | 50          |             |
%|J(p*,p*)     | 0.5         |             |
 |M(lp,Lp)     |4            |             |
============================================

#END
   1     5.7073E-06   3.79E-01   998816 
   2     5.7686E-06   1.14E-01   998816 
   3     5.7716E-06   7.33E-02   998816 
   4     5.7653E-06   6.75E-02   998816 
   5     5.7627E-06   6.51E-02   998816 
   6     5.7622E-06   6.65E-02   998816 
   7     5.7594E-06   6.49E-02   998816 
   8     5.7651E-06   6.41E-02   998816 
   9     5.7620E-06   6.41E-02   998816 
  10     5.7602E-06   6.45E-02   998816 
  11     5.7596E-06   6.44E-02   998816 
  12     5.7621E-06   6.42E-02   998816 
  13     5.7631E-06   6.42E-02   998816 
  14     5.7624E-06   6.39E-02   998816 
  15     5.7700E-06   6.43E-02   998816 
  16     5.7618E-06   6.43E-02   998816 
  17     5.7578E-06   6.39E-02   998816 
  18     5.7576E-06   6.44E-02   998816 
  19     5.7628E-06   6.40E-02   998816 
  20     5.7582E-06   6.49E-02   998816 
  21     5.7611E-06   6.46E-02   998816 
  22     5.7649E-06   6.41E-02   998816 
  23     5.7605E-06   6.41E-02   998816 
  24     5.7614E-06   6.39E-02   998816 
  25     5.7630E-06   6.46E-02   998816 
  26     5.7645E-06   6.42E-02   998816 
  27     5.7599E-06   6.41E-02   998816 
  28     5.7622E-06   6.44E-02   998816 
  29     5.7615E-06   6.41E-02   998816 
  30     5.7632E-06   6.39E-02   998816 
  31     5.7618E-06   6.45E-02   998816 
  32     5.7626E-06   6.48E-02   998816 
  33     5.7671E-06   6.41E-02   998816 
  34     5.7629E-06   6.45E-02   998816 
  35     5.7592E-06   6.46E-02   998816 
  36     5.7571E-06   6.43E-02   998816 
  37     5.7618E-06   6.44E-02   998816 
  38     5.7552E-06   6.42E-02   998816 
  39     5.7676E-06   6.67E-02   998816 
  40     5.7674E-06   6.47E-02   998816 
  41     5.7606E-06   6.45E-02   998816 
  42     5.7603E-06   6.38E-02   998816 
  43     5.7616E-06   6.41E-02   998816 
  44     5.7647E-06   6.39E-02   998816 
  45     5.7601E-06   6.79E-02   998816 
  46     5.7521E-06   6.47E-02   998816 
  47     5.7640E-06   6.39E-02   998816 
  48     5.7619E-06   6.89E-02   998816 
  49     5.7671E-06   6.50E-02   998816 
  50     5.7628E-06   6.43E-02   998816 
  51     5.7632E-06   6.44E-02   998816 
  52     5.7610E-06   6.45E-02   998816 
  53     5.7604E-06   6.44E-02   998816 
  54     5.7665E-06   6.50E-02   998816 
  55     5.7583E-06   6.48E-02   998816 
  56     5.7608E-06   6.44E-02   998816 
  57     5.7657E-06   6.44E-02   998816 
  58     5.7605E-06   6.40E-02   998816 
  59     5.7574E-06   6.42E-02   998816 
  60     5.7604E-06   6.45E-02   998816 
  61     5.7628E-06   6.40E-02   998816 
  62     5.7618E-06   6.60E-02   998816 
  63     5.7661E-06   6.43E-02   998816 
  64     5.7639E-06   6.51E-02   998816 
  65     5.7593E-06   6.46E-02   998816 
  66     5.7630E-06   6.46E-02   998816 
  67     5.7616E-06   6.40E-02   998816 
  68     5.7649E-06   6.36E-02   998816 
  69     5.7636E-06   6.38E-02   998816 
  70     5.7648E-06   6.40E-02   998816 
  71     5.7599E-06   6.45E-02   998816 
  72     5.7577E-06   6.57E-02   998816 
  73     5.7636E-06   6.40E-02   998816 
  74     5.7599E-06   6.43E-02   998816 
  75     5.7588E-06   6.49E-02   998816 
  76     5.7581E-06   6.43E-02   998816 
  77     5.7612E-06   6.36E-02   998816 
  78     5.7581E-06   6.45E-02   998816 
  79     5.7584E-06   6.42E-02   998816 
  80     5.7653E-06   6.52E-02   998816 
  81     5.7661E-06   6.38E-02   998816 
  82     5.7617E-06   6.47E-02   998816 
  83     5.7639E-06   6.45E-02   998816 
  84     5.7627E-06   6.50E-02   998816 
  85     5.7550E-06   6.42E-02   998816 
  86     5.7654E-06   6.42E-02   998816 
  87     5.7576E-06   6.42E-02   998816 
  88     5.7711E-06   6.44E-02   998816 
  89     5.7653E-06   6.45E-02   998816 
  90     5.7615E-06   6.40E-02   998816 
  91     5.7599E-06   6.44E-02   998816 
  92     5.7619E-06   6.41E-02   998816 
  93     5.7630E-06   6.47E-02   998816 
  94     5.7626E-06   6.41E-02   998816 
  95     5.7555E-06   6.45E-02   998816 
  96     5.7579E-06   6.48E-02   998816 
  97     5.7649E-06   6.46E-02   998816 
  98     5.7674E-06   6.45E-02   998816 
  99     5.7565E-06   6.42E-02   998816 
 100     5.7572E-06   6.42E-02   998816 
 < >     5.7614E-06   7.51E-03 99881600         2      
