
#Subprocess 2 ( Z -> e, E, m, M )
#Session_number 3
#Initial_state  inP1=4.000000E+03  inP2=4.000000E+03
 Polarizations= { 0.000000E+00  0.000000E+00 }
  StrFun1="OFF"
  StrFun2="OFF"

#Physical_Parameters 
        EE = 3.134300000000000E-01
    alfSMZ = 1.184000000000000E-01
         Q = 1.000000000000000E+02
       s12 = 2.210000000000000E-01
       s23 = 4.100000000000000E-02
       s13 = 3.500000000000000E-03
        Mm = 1.057000000000000E-01
        Ml = 1.777000000000000E+00
      McMc = 1.200000000000000E+00
      MbMb = 4.250000000000000E+00
       Mtp = 1.725000000000000E+02
        MZ = 9.118800000000000E+01
        MW = 8.038500000000001E+01
        Mh = 1.250000000000000E+02
        wt = 1.590000000000000E+00
        wZ = 2.494440000000000E+00
        wW = 2.088950000000000E+00
----

#Breit-Wigner BW range    2.700000
t-channel widths 0
GI trick in s-  0
GI trick in t-  0
#VVdecays  1

#alphaQCD alphaPDF=1 alpha(MZ)=1.184000E-01 NF=5 Order=2 MbMb=4.200000E+00 Mtp=1.730000E+02
#QCDscales 
 Renormalization M1/2
 Factorization1 Qren
 Factorization2 Qpdf1
 Showering Qren

#Composites 
*** Table ***
 Composites  
  Name  |> Comma separated list of particles                           <|
p*      |G,d,D,u,U,s,S,c,C,b,B
lp      |e,m
Lp      |E,M
=========================================================================

#Cuts 
*** Table ***
 Cuts  
!|  Parameter  |> Min bound <|> Max bound <|
%|T(p*)        | 50          |
%|J(p*,p*)     | 0.5         |
 |M(lp,Lp)     |4            |
============================================

#END
   1     5.7699E-06   4.20E-01   998816 
   2     5.7484E-06   1.23E-01   998816 
   3     5.7653E-06   7.36E-02   998816 
   4     5.7644E-06   6.89E-02   998816 
   5     5.7635E-06   6.57E-02   998816 
   6     5.7629E-06   6.51E-02   998816 
   7     5.7551E-06   6.49E-02   998816 
   8     5.7533E-06   6.45E-02   998816 
   9     5.7604E-06   6.46E-02   998816 
  10     5.7615E-06   6.43E-02   998816 
  11     5.7643E-06   6.43E-02   998816 
  12     5.7611E-06   6.34E-02   998816 
  13     5.7669E-06   6.45E-02   998816 
  14     5.7601E-06   6.42E-02   998816 
  15     5.7635E-06   6.43E-02   998816 
  16     5.7577E-06   6.38E-02   998816 
  17     5.7668E-06   6.48E-02   998816 
  18     5.7624E-06   6.40E-02   998816 
  19     5.7526E-06   6.42E-02   998816 
  20     5.7643E-06   6.45E-02   998816 
  21     5.7615E-06   6.47E-02   998816 
  22     5.7545E-06   6.39E-02   998816 
  23     5.7629E-06   6.46E-02   998816 
  24     5.7644E-06   6.46E-02   998816 
  25     5.7586E-06   6.40E-02   998816 
  26     5.7575E-06   6.38E-02   998816 
  27     5.7614E-06   6.37E-02   998816 
  28     5.7664E-06   6.56E-02   998816 
  29     5.7561E-06   6.55E-02   998816 
  30     5.7561E-06   6.61E-02   998816 
  31     5.7615E-06   6.48E-02   998816 
  32     5.7651E-06   6.45E-02   998816 
  33     5.7643E-06   6.43E-02   998816 
  34     5.7671E-06   6.42E-02   998816 
  35     5.7571E-06   6.42E-02   998816 
  36     5.7609E-06   6.43E-02   998816 
  37     5.7569E-06   6.47E-02   998816 
  38     5.7613E-06   6.45E-02   998816 
  39     5.7630E-06   6.43E-02   998816 
  40     5.7568E-06   6.42E-02   998816 
  41     5.7539E-06   6.46E-02   998816 
  42     5.7650E-06   6.40E-02   998816 
  43     5.7560E-06   6.45E-02   998816 
  44     5.7580E-06   6.45E-02   998816 
  45     5.7560E-06   6.44E-02   998816 
  46     5.7698E-06   6.49E-02   998816 
  47     5.7554E-06   6.39E-02   998816 
  48     5.7600E-06   6.43E-02   998816 
  49     5.7597E-06   6.44E-02   998816 
  50     5.7608E-06   6.51E-02   998816 
  51     5.7610E-06   6.46E-02   998816 
  52     5.7634E-06   6.39E-02   998816 
  53     5.7685E-06   6.41E-02   998816 
  54     5.7542E-06   6.44E-02   998816 
  55     5.7701E-06   6.46E-02   998816 
  56     5.7647E-06   6.39E-02   998816 
  57     5.7601E-06   6.44E-02   998816 
  58     5.7615E-06   6.42E-02   998816 
  59     5.7609E-06   6.41E-02   998816 
  60     5.7606E-06   6.43E-02   998816 
  61     5.7616E-06   6.48E-02   998816 
  62     5.7627E-06   6.39E-02   998816 
  63     5.7596E-06   6.43E-02   998816 
  64     5.7615E-06   6.43E-02   998816 
  65     5.7582E-06   6.44E-02   998816 
  66     5.7561E-06   6.44E-02   998816 
  67     5.7582E-06   6.46E-02   998816 
  68     5.7619E-06   6.42E-02   998816 
  69     5.7618E-06   6.40E-02   998816 
  70     5.7599E-06   6.45E-02   998816 
  71     5.7571E-06   6.42E-02   998816 
  72     5.7644E-06   6.45E-02   998816 
  73     5.7613E-06   6.39E-02   998816 
  74     5.7564E-06   6.56E-02   998816 
  75     5.7650E-06   7.26E-02   998816 
  76     5.7624E-06   6.62E-02   998816 
  77     5.7697E-06   6.49E-02   998816 
  78     5.7663E-06   6.46E-02   998816 
  79     5.7577E-06   6.42E-02   998816 
  80     5.7591E-06   6.39E-02   998816 
  81     5.7556E-06   6.44E-02   998816 
  82     5.7637E-06   6.46E-02   998816 
  83     5.7586E-06   6.40E-02   998816 
  84     5.7630E-06   6.47E-02   998816 
  85     5.7604E-06   6.51E-02   998816 
  86     5.7597E-06   6.44E-02   998816 
  87     5.7633E-06   6.46E-02   998816 
  88     5.7610E-06   6.48E-02   998816 
  89     5.7529E-06   6.37E-02   998816 
  90     5.7576E-06   6.42E-02   998816 
  91     5.7686E-06   6.39E-02   998816 
  92     5.7548E-06   6.46E-02   998816 
  93     5.7635E-06   6.44E-02   998816 
  94     5.7622E-06   6.39E-02   998816 
  95     5.7540E-06   6.42E-02   998816 
  96     5.7613E-06   6.36E-02   998816 
  97     5.7671E-06   6.40E-02   998816 
  98     5.7551E-06   6.48E-02   998816 
  99     5.7609E-06   6.48E-02   998816 
 100     5.7631E-06   6.38E-02   998816 
 < >     5.7608E-06   7.76E-03 99881600         0.9    
