
#Subprocess 3 ( Z -> m, m, M, M )
#Session_number 4
#Initial_state  inP1=4.000000E+03  inP2=4.000000E+03
 Polarizations= { 0.000000E+00  0.000000E+00 }
  StrFun1="OFF"
  StrFun2="OFF"

#Physical_Parameters 
        EE = 3.134300000000000E-01
    alfSMZ = 1.184000000000000E-01
         Q = 1.000000000000000E+02
       s12 = 2.210000000000000E-01
       s23 = 4.100000000000000E-02
       s13 = 3.500000000000000E-03
        Mm = 1.057000000000000E-01
        Ml = 1.777000000000000E+00
      McMc = 1.200000000000000E+00
      MbMb = 4.250000000000000E+00
       Mtp = 1.725000000000000E+02
        MZ = 9.118800000000000E+01
        MW = 8.038500000000001E+01
        Mh = 1.250000000000000E+02
        wt = 1.590000000000000E+00
        wZ = 2.494440000000000E+00
        wW = 2.088950000000000E+00
----

#Breit-Wigner BW range    2.700000
t-channel widths 0
GI trick in s-  0
GI trick in t-  0
#VVdecays  1

#alphaQCD alphaPDF=1 alpha(MZ)=1.184000E-01 NF=5 Order=2 MbMb=4.200000E+00 Mtp=1.730000E+02
#QCDscales 
 Renormalization M1/2
 Factorization1 Qren
 Factorization2 Qpdf1
 Showering Qren

#Composites 
*** Table ***
 Composites  
  Name  |> Comma separated list of particles                           <|
p*      |G,d,D,u,U,s,S,c,C,b,B
lp      |e,m
Lp      |E,M
=========================================================================

#Cuts 
*** Table ***
 Cuts  
!|  Parameter  |> Min bound <|> Max bound <|
%|T(p*)        | 50          |
%|J(p*,p*)     | 0.5         |
 |M(lp,Lp)     |4            |
============================================

#END
   1     3.2571E-06   3.48E-01   998816 
   2     3.2528E-06   1.23E-01   998816 
   3     3.2501E-06   1.03E-01   998816 
   4     3.2524E-06   9.97E-02   998816 
   5     3.2464E-06   9.87E-02   998816 
   6     3.2530E-06   9.84E-02   998816 
   7     3.2530E-06   9.85E-02   998816 
   8     3.2468E-06   9.85E-02   998816 
   9     3.2495E-06   9.84E-02   998816 
  10     3.2474E-06   9.82E-02   998816 
  11     3.2483E-06   9.79E-02   998816 
  12     3.2508E-06   9.86E-02   998816 
  13     3.2493E-06   9.86E-02   998816 
  14     3.2465E-06   9.83E-02   998816 
  15     3.2504E-06   9.90E-02   998816 
  16     3.2489E-06   9.91E-02   998816 
  17     3.2468E-06   9.93E-02   998816 
  18     3.2519E-06   9.89E-02   998816 
  19     3.2543E-06   9.76E-02   998816 
  20     3.2458E-06   9.87E-02   998816 
  21     3.2518E-06   9.88E-02   998816 
  22     3.2594E-06   9.85E-02   998816 
  23     3.2478E-06   9.89E-02   998816 
  24     3.2513E-06   9.74E-02   998816 
  25     3.2490E-06   9.77E-02   998816 
  26     3.2500E-06   9.80E-02   998816 
  27     3.2507E-06   9.88E-02   998816 
  28     3.2509E-06   9.84E-02   998816 
  29     3.2494E-06   9.82E-02   998816 
  30     3.2511E-06   9.89E-02   998816 
  31     3.2517E-06   9.83E-02   998816 
  32     3.2506E-06   9.83E-02   998816 
  33     3.2455E-06   9.84E-02   998816 
  34     3.2508E-06   9.85E-02   998816 
  35     3.2564E-06   9.84E-02   998816 
  36     3.2511E-06   9.79E-02   998816 
  37     3.2480E-06   9.86E-02   998816 
  38     3.2505E-06   9.82E-02   998816 
  39     3.2476E-06   9.80E-02   998816 
  40     3.2502E-06   9.78E-02   998816 
  41     3.2532E-06   9.85E-02   998816 
  42     3.2483E-06   9.85E-02   998816 
  43     3.2464E-06   9.87E-02   998816 
  44     3.2517E-06   9.78E-02   998816 
  45     3.2525E-06   9.86E-02   998816 
  46     3.2502E-06   9.89E-02   998816 
  47     3.2545E-06   9.77E-02   998816 
  48     3.2530E-06   9.83E-02   998816 
  49     3.2491E-06   9.80E-02   998816 
  50     3.2464E-06   9.76E-02   998816 
  51     3.2501E-06   9.80E-02   998816 
  52     3.2508E-06   9.85E-02   998816 
  53     3.2524E-06   9.81E-02   998816 
  54     3.2517E-06   9.86E-02   998816 
  55     3.2523E-06   9.83E-02   998816 
  56     3.2436E-06   9.84E-02   998816 
  57     3.2467E-06   9.85E-02   998816 
  58     3.2467E-06   9.74E-02   998816 
  59     3.2540E-06   9.90E-02   998816 
  60     3.2454E-06   9.82E-02   998816 
  61     3.2506E-06   9.85E-02   998816 
  62     3.2525E-06   9.80E-02   998816 
  63     3.2574E-06   9.81E-02   998816 
  64     3.2506E-06   9.88E-02   998816 
  65     3.2555E-06   9.89E-02   998816 
  66     3.2522E-06   9.84E-02   998816 
  67     3.2534E-06   9.85E-02   998816 
  68     3.2505E-06   9.77E-02   998816 
  69     3.2462E-06   9.80E-02   998816 
  70     3.2504E-06   9.93E-02   998816 
  71     3.2502E-06   9.83E-02   998816 
  72     3.2495E-06   9.87E-02   998816 
  73     3.2557E-06   9.84E-02   998816 
  74     3.2545E-06   9.90E-02   998816 
  75     3.2554E-06   9.85E-02   998816 
  76     3.2441E-06   9.78E-02   998816 
  77     3.2490E-06   9.87E-02   998816 
  78     3.2512E-06   9.91E-02   998816 
  79     3.2554E-06   9.87E-02   998816 
  80     3.2519E-06   9.81E-02   998816 
  81     3.2493E-06   9.87E-02   998816 
  82     3.2513E-06   9.84E-02   998816 
  83     3.2523E-06   9.87E-02   998816 
  84     3.2491E-06   9.78E-02   998816 
  85     3.2509E-06   9.91E-02   998816 
  86     3.2406E-06   9.81E-02   998816 
  87     3.2503E-06   9.78E-02   998816 
  88     3.2541E-06   9.80E-02   998816 
  89     3.2485E-06   9.84E-02   998816 
  90     3.2489E-06   9.83E-02   998816 
  91     3.2470E-06   9.84E-02   998816 
  92     3.2485E-06   9.83E-02   998816 
  93     3.2493E-06   9.82E-02   998816 
  94     3.2554E-06   9.89E-02   998816 
  95     3.2483E-06   9.93E-02   998816 
  96     3.2490E-06   9.84E-02   998816 
  97     3.2475E-06   9.75E-02   998816 
  98     3.2472E-06   9.87E-02   998816 
  99     3.2500E-06   9.84E-02   998816 
 100     3.2468E-06   9.79E-02   998816 
 < >     3.2503E-06   1.04E-02 99881600         0.9    
